list1.txt
Native Sort
0.008918
0%
First 10: 2, 4, 5, 8, 10, 12, 15, 16, 17, 19
Last 10: 88, 89, 90, 91, 93, 94, 95, 96, 97, 99


Quick Sort
0.886914
9845%
First 10: 2, 4, 5, 8, 10, 12, 15, 16, 17, 19
Last 10: 88, 89, 90, 91, 93, 94, 95, 96, 97, 99


Selection Sort
0.910811
10113%
First 10: 2, 4, 5, 8, 10, 12, 15, 16, 17, 19
Last 10: 88, 89, 90, 91, 93, 94, 95, 96, 97, 99


Bubble Sort
0.926175
10285%
First 10: 2, 4, 5, 8, 10, 12, 15, 16, 17, 19
Last 10: 88, 89, 90, 91, 93, 94, 95, 96, 97, 99


Insertion Sort
0.969045
10766%
First 10: 2, 4, 5, 8, 10, 12, 15, 16, 17, 19
Last 10: 88, 89, 90, 91, 93, 94, 95, 96, 97, 99


list2.txt
Native Sort
0.00576
0%
First 10: 1, 2, 4, 8, 16, 32, 64, 128, 256, 512
Last 10: 134217728, 268435456, 536870912, 1073741824, 2147483648, 4294967296, 8589934592, 17179869184, 34359738368, 68719476736


Bubble Sort
0.28101
4779%
First 10: 1, 2, 4, 8, 16, 32, 64, 128, 256, 512
Last 10: 134217728, 268435456, 536870912, 1073741824, 2147483648, 4294967296, 8589934592, 17179869184, 34359738368, 68719476736


Selection Sort
0.285868
4863%
First 10: 1, 2, 4, 8, 16, 32, 64, 128, 256, 512
Last 10: 134217728, 268435456, 536870912, 1073741824, 2147483648, 4294967296, 8589934592, 17179869184, 34359738368, 68719476736


Quick Sort
0.305725
5208%
First 10: 1, 2, 4, 8, 16, 32, 64, 128, 256, 512
Last 10: 134217728, 268435456, 536870912, 1073741824, 2147483648, 4294967296, 8589934592, 17179869184, 34359738368, 68719476736


Insertion Sort
0.30813
5249%
First 10: 1, 2, 4, 8, 16, 32, 64, 128, 256, 512
Last 10: 134217728, 268435456, 536870912, 1073741824, 2147483648, 4294967296, 8589934592, 17179869184, 34359738368, 68719476736


list3.txt
Native Sort
0.019231
234%
First 10: 1650000000, 1659947572, 1669996608, 1680114897, 1690269397, 1700426220, 1710550627, 1720607035, 1730559024, 1740369356
Last 10: 6600220247, 6681607320, 6763732879, 6846479521, 6929725043, 7013427052, 7097500453, 7181715139, 7265785946, 7349472099


Selection Sort
2.873437
49786%
First 10: 1650000000, 1659947572, 1669996608, 1680114897, 1690269397, 1700426220, 1710550627, 1720607035, 1730559024, 1740369356
Last 10: 6600220247, 6681607320, 6763732879, 6846479521, 6929725043, 7013427052, 7097500453, 7181715139, 7265785946, 7349472099


Quick Sort
3.085686
53471%
First 10: 1650000000, 1659947572, 1669996608, 1680114897, 1690269397, 1700426220, 1710550627, 1720607035, 1730559024, 1740369356
Last 10: 6600220247, 6681607320, 6763732879, 6846479521, 6929725043, 7013427052, 7097500453, 7181715139, 7265785946, 7349472099


Bubble Sort
3.120679
54078%
First 10: 1650000000, 1659947572, 1669996608, 1680114897, 1690269397, 1700426220, 1710550627, 1720607035, 1730559024, 1740369356
Last 10: 6600220247, 6681607320, 6763732879, 6846479521, 6929725043, 7013427052, 7097500453, 7181715139, 7265785946, 7349472099


Insertion Sort
3.173895
55002%
First 10: 1650000000, 1659947572, 1669996608, 1680114897, 1690269397, 1700426220, 1710550627, 1720607035, 1730559024, 1740369356
Last 10: 6600220247, 6681607320, 6763732879, 6846479521, 6929725043, 7013427052, 7097500453, 7181715139, 7265785946, 7349472099


list4.txt
Native Sort
0.010714
86%
First 10: 0, 1, 1, 2, 3, 5, 8, 13, 21, 34
Last 10: 102334155, 165580141, 267914296, 433494437, 701408733, 1134903170, 1836311903, 2971215073, 4807526976, 7778742049


Selection Sort
0.511422
8779%
First 10: 0, 1, 1, 2, 3, 5, 8, 13, 21, 34
Last 10: 102334155, 165580141, 267914296, 433494437, 701408733, 1134903170, 1836311903, 2971215073, 4807526976, 7778742049


Quick Sort
0.534325
9176%
First 10: 0, 1, 1, 2, 3, 5, 8, 13, 21, 34
Last 10: 102334155, 165580141, 267914296, 433494437, 701408733, 1134903170, 1836311903, 2971215073, 4807526976, 7778742049


Bubble Sort
0.547997
9414%
First 10: 0, 1, 1, 2, 3, 5, 8, 13, 21, 34
Last 10: 102334155, 165580141, 267914296, 433494437, 701408733, 1134903170, 1836311903, 2971215073, 4807526976, 7778742049


Insertion Sort
0.560839
9637%
First 10: 0, 1, 1, 2, 3, 5, 8, 13, 21, 34
Last 10: 102334155, 165580141, 267914296, 433494437, 701408733, 1134903170, 1836311903, 2971215073, 4807526976, 7778742049


list5.txt
Native Sort
0.01988
245%
First 10: 40.45, 49.11, 49.41, 54.58, 58.75, 59.90, 60.52, 64.29, 64.56, 65.73
Last 10: 11497.10, 11577.51, 12217.56, 12463.20, 13104.14, 13264.80, 16576.66, 17425.03, 17823.07, 18253.85


Selection Sort
3.057006
52973%
First 10: 40.45, 49.11, 49.41, 54.58, 58.75, 59.90, 60.52, 64.29, 64.56, 65.73
Last 10: 11497.10, 11577.51, 12217.56, 12463.20, 13104.14, 13264.80, 16576.66, 17425.03, 17823.07, 18253.85


Quick Sort
3.249326
56312%
First 10: 40.45, 49.11, 49.41, 54.58, 58.75, 59.90, 60.52, 64.29, 64.56, 65.73
Last 10: 11497.10, 11577.51, 12217.56, 12463.20, 13104.14, 13264.80, 16576.66, 17425.03, 17823.07, 18253.85


Bubble Sort
3.273384
56730%
First 10: 40.45, 49.11, 49.41, 54.58, 58.75, 59.90, 60.52, 64.29, 64.56, 65.73
Last 10: 11497.10, 11577.51, 12217.56, 12463.20, 13104.14, 13264.80, 16576.66, 17425.03, 17823.07, 18253.85


Insertion Sort
3.428499
59423%
First 10: 40.45, 49.11, 49.41, 54.58, 58.75, 59.90, 60.52, 64.29, 64.56, 65.73
Last 10: 11497.10, 11577.51, 12217.56, 12463.20, 13104.14, 13264.80, 16576.66, 17425.03, 17823.07, 18253.85


list6.txt
Native Sort
0.002227
0%
First 10: 36, 67, 93, 141, 483, 886, 1782, 2794, 3666
Last 10: 36, 67, 93, 141, 483, 886, 1782, 2794, 3666


Insertion Sort
0.01717
671%
First 10: 36, 67, 93, 141, 483, 886, 1782, 2794, 3666
Last 10: 36, 67, 93, 141, 483, 886, 1782, 2794, 3666


Selection Sort
0.018843
746%
First 10: 36, 67, 93, 141, 483, 886, 1782, 2794, 3666
Last 10: 36, 67, 93, 141, 483, 886, 1782, 2794, 3666


Bubble Sort
0.019693
784%
First 10: 36, 67, 93, 141, 483, 886, 1782, 2794, 3666
Last 10: 36, 67, 93, 141, 483, 886, 1782, 2794, 3666


Quick Sort
0.022932
930%
First 10: 36, 67, 93, 141, 483, 886, 1782, 2794, 3666
Last 10: 36, 67, 93, 141, 483, 886, 1782, 2794, 3666
